9.59917
8.15005
7.09227
6.28239
5.64056
5.15991
4.8033
4.557
4.36421
4.14961
3.8587
3.62622
3.44509
3.33186
3.20312
3.06003
2.93618
2.80186
2.71296
2.64074
2.57208
2.4825
2.38117
2.29038
2.22645
2.15413
2.1071
2.05228
1.99008
1.94291
1.88949
1.82826
1.77247
1.73957
1.70095
1.6504
1.60408
1.57221
1.54005
1.50322
1.4788
1.44998
1.40845
1.37362
1.34503
1.31188
1.28119
1.25986
1.23819
1.21324
1.19387
1.17503
1.15586
1.13131
1.11337
1.08961
1.06672
1.04466
1.02134
1.00353
0.987024
0.965877
0.945502
0.925858
0.906906
0.888611
0.87094
0.85386
0.836033
0.820094
0.804664
0.789719
0.775236
0.761194
0.750392
0.741884
0.733536
0.725343
0.717301
0.709406
0.701291
0.689402
0.677841
0.666598
0.655659
0.645011
0.634644
0.624547
0.61675
0.611447
0.605366
0.600221
0.594043
0.585775
0.577956
0.571368
0.562844
0.554523
0.546398
0.538461
0.530707
0.523129
0.51726
0.513258
0.509304
0.505397
0.501538
0.496896
0.490065
0.48338
0.476836
0.470431
0.464158
0.458015
0.451998
0.446102
0.440324
0.434661
0.42911
0.423667
0.418329
0.413094
0.407958
0.402919
0.397974
0.393121
0.388357
0.38368
0.379087
0.374577
0.370147
0.365795
0.361519
0.357317
0.353188
0.34913
0.345141
0.341218
0.337361
0.333569
0.329839
0.32617
0.322561
0.31901
0.315515
0.312077
0.308692
0.305361
0.302082
0.298854
0.295675
0.292545
0.289462
0.286426
0.283435
0.28049
0.277587
0.274728
0.27191
0.269133
0.266396
0.263699
0.26104
0.258419
0.255834
0.253286
0.250774
0.248296
0.245853
0.243443
0.241065
0.238721
0.236407
0.234125
0.231873
0.229651
0.227459
0.225295
0.223159
0.221052
0.218971
0.216917
0.21489
0.212888
0.210912
0.208961
0.207034
0.205131
0.203251
0.201395
0.199562
0.197751
0.195963
0.194196
0.19245
0.190725
0.189021
0.187337
0.185674
0.184029
0.182405
0.180799
0.179211
0.177643
0.176092
0.17456
0.173044
0.171546
0.170066
0.168601
0.167154
0.165723
0.164307
0.162908
0.161523
0.16044
0.159695
0.158792
0.157733
0.156884
0.155884
0.15485
0.153866
0.152581
0.151309
0.150051
0.148807
0.147575
0.146357
0.145152
0.143959
0.142779
0.141611
0.140455
0.139312
0.13818
0.13706
0.135951
0.134854
0.133768
0.132693
0.131628
0.130574
0.129531
0.128499
0.127477
0.126465
0.125463
0.124471
0.123489
0.122516
0.121553
0.1206
0.119656
0.11872
0.117794
0.116877
0.115969
0.115069
0.114178
0.113296
0.112422
0.111556
0.110699
0.109849
0.109008
0.108174
0.10726
0.106265
0.105457
0.104657
0.103863
0.103078
0.102299
0.101527
0.100763
0.100006
0.099255
0.0985112
0.0977741
0.0970436
0.0963198
0.0956025
0.0948913
0.0941871
0.093489
0.0927969
0.092111
0.091431
0.0907571
0.0900895
0.0894275
0.0887713
0.0881208
0.087476
0.0868368
0.086203
0.085575
0.0849523
0.084335
0.083723
0.0831164
0.0825149
0.0819183
0.0813268
0.0807404
0.0801589
0.0795825
0.0790108
0.0784439
0.0778817
0.0773243
0.0767716
0.0762235
0.0756802
0.0751412
0.074607
0.0740767
0.0735509
0.0730297
0.0725128
0.0720001
0.0714913
0.0709866
0.0704863
0.0699901
0.0694983
0.0690102
0.0685262
0.0680459
0.0675694
0.0670967
0.0666278
0.0661629
0.0657016
0.0652442
0.0647904
0.06434
0.0638933
0.0634502
0.0630103
0.0625741
0.0621414
0.061712
0.0612862
0.0608638
0.0604446
0.0600288
0.0596159
0.0592064
0.0588002
0.0583968
0.057997
0.0576001
0.0572062
0.0568155
0.0564278
0.0560431
0.0556612
0.0552823
0.0549064
0.0545335
0.0541631
0.0537957
0.053431
0.0530692
0.0527101
0.0523537
0.0520005
0.0516496
0.0513015
0.050956
0.0506131
0.0502725
0.0499343
0.049599
0.0492659
0.0489356
0.0486076
0.0482825
0.0479596
0.047639
0.0473207
0.0470049
0.0466914
0.0463803
0.0460716
0.0457648
0.0454608
0.0451585
0.0448588
0.0445612
0.0442657
0.0439723
0.0436812
0.0433922
0.0431053
0.0428203
0.0425377
0.0422569
0.0419783
0.0417017
0.0414269
0.0411544
0.0408836
0.0406148
0.0403481
0.0400832
0.0398204
0.0395593
0.0393001
0.0390428
0.0387873
0.0385338
0.0382819
0.038032
0.0377836
0.0375373
0.0372925
0.0370494
0.0368083
0.036569
0.036331
0.0360947
0.0358603
0.0356275
0.0353962
0.0351667
0.0349388
0.0347124
0.0344876
0.0342642
0.0340426
0.0338227
0.0336041
0.0333871
0.0331713
0.0329574
0.0327448
0.0325336
0.0323244
0.0321164
0.0319096
0.0317043
0.0315007
0.0312984
0.0310973
0.0308975
0.0306991
0.0305022
0.0303065
0.0301122
0.0299193
0.0297278
0.0295373
0.0293481
0.0291605
0.0289742
0.028789
0.0286053
0.0284228
0.0282416
0.0280616
0.0278828
0.0277053
0.0275292
0.0273539
0.0271799
0.0270071
0.0268354
0.026665
0.0264957
0.0263276
0.0261608
0.025995
0.0258301
0.0256664
0.0255037
0.0253423
0.0251821
0.0250227
0.0248645
0.0247071
0.0245512
0.0243963
0.0242424
0.0240892
0.0239371
0.0237863
0.0236364
0.0234874
0.0233395
0.0231924
0.0230465
0.0229015
0.0227576
0.0226146
0.0224723
0.0223311
0.022191
0.0220517
0.0219133
0.0217756
0.0216391
0.0215032
0.0213684
0.0212348
0.0211017
0.0209695
0.0208382
0.0207077
0.0205783
0.0204496
0.0203217
0.0201948
0.0200686
0.019943
0.0198187
0.0196948
0.0195721
0.01945
0.0193286
0.0192081
0.0190884
0.0189695
0.0188515
0.0187342
0.0186176
0.0185015
0.0183864
0.0182724
0.0181586
0.018046
0.0179338
0.0178224
0.0177118
0.0176017
0.0174924
0.017384
0.017276
0.0171637
0.0170363
0.0169152
0.0168103
0.0167062
0.0166028
0.0165002
0.0163926
0.0162804
0.0161799
0.0160796
0.0159803
0.0158814
0.0157834
0.0156858
0.0155892
0.0154929
0.0153972
0.0153022
0.0152076
0.0151138
0.0150206
0.014928
0.014836
0.0147446
0.0146539
0.0145636
0.014474
0.0143847
0.0142959
0.0142078
0.0141206
0.0140337
0.0139477
0.0138618
0.0137769
0.0136921
0.0136078
0.0135243
0.0134411
0.0133586
0.0132765
0.0131951
0.0131142
0.0130337
0.0129539
0.0128744
0.0127955
0.012717
0.012639
0.0125614
0.0124846
0.0124083
0.0123324
0.0122569
0.0121819
0.0121074
0.0120334
0.0119597
0.0118864
0.0118135
0.0117412
0.0116695
0.0115983
0.0115274
0.0114572
0.0113873
0.0113177
0.0112486
0.0111798
0.0111112
0.0110433
0.0109759
0.0109088
0.0108421
0.0107761
0.0107104
0.0106453
0.0105805
0.010516
0.0104521
0.0103883
0.010325
0.0102619
0.0101994
0.0101373
0.0100755
0.0100141
0.00995314
0.00989255
0.00983226
0.00977266
0.00971347
0.00965443
0.00959575
0.0095374
0.00947937
0.00942153
0.00936422
0.00930724
0.00925069
0.00919434
0.00913855
0.00908315
0.00902808
0.00897342
0.0089191
0.00886515
0.00881137
0.00875816
0.00870503
0.00865021
0.00859761
0.00854553
0.00848901
0.00842714
0.00836843
0.00831282
0.00825718
0.00820705
0.00815743
0.00810808
0.00805917
0.00801051
0.00796197
0.00791383
0.007866
0.00781837
0.00777087
0.00772381
0.00767687
0.00763041
0.00758423
0.00753833
0.0074926
0.00744744
0.00740248
0.00735778
0.00731328
0.00726929
0.0072255
0.00718188
0.00713857
0.00709531
0.00705263
0.00701015
0.00696784
0.00692548
0.00688368
0.00684202
0.00680085
0.00675966
0.00671864
0.00667815
0.00663783
0.00659773
0.00655788
0.00651839
0.00647922
0.00644016
0.00640136
0.00636296
0.00632474
0.00628656
0.00624865
0.00621113
0.00617388
0.00613661
0.00609949
0.00606281
0.00602603
0.00598979
0.00595357
0.0059177
0.00588194
0.00584646
0.00581104
0.00577608
0.00574115
0.00570676
0.00567251
0.00563857
0.00560461
0.00557117
0.00553772
0.00550447
0.0054715
0.00543867
0.00540602
0.00537336
0.00534123
0.00530931
0.00527719
0.00524557
0.00521395
0.00518259
0.00515115
0.00512013
0.00508934
0.00505865
0.00502822
0.00499779
0.00496769
0.00493765
0.00490792
0.00487857
0.00484914
0.00482018
0.00479116
0.00476253
0.00473398
0.00470591
0.00467771
0.00464973
0.00462194
0.00459436
0.00456682
0.00453946
0.00451213
0.00448529
0.00445847
0.00443184
0.00440523
0.00437874
0.00435245
0.00432611
0.00430003
0.00427437
0.00424862
0.00422204
0.00419435
0.00416538
0.0041391
0.00411135
0.00408655
0.00406197
0.00403762
0.00401351
0.00398931
0.00396565
0.00394183
0.00391822
0.00389485
0.00387152
0.0038484
0.00382544
0.00380275
0.00377995
0.00375742
0.00373501
0.00371277
0.00369042
0.00366843
0.00364655
0.00362495
0.00360332
0.003582
0.00356066
0.00353926
0.00351804
0.00349703
0.00347605
0.00345498
0.00343411
0.00341353
0.00339326
0.00337285
0.00335267
0.00333259
0.00331265
0.00329277
0.00327292
0.00325328
0.00323361
0.00321412
0.00319484
0.00317565
0.00315657
0.00313769
0.0031189
0.00310016
0.00308177
0.00306346
0.00304508
0.00302684
0.00300889
0.00299093
0.00297299
0.0029553
0.00293788
0.00292039
0.00290293
0.00288579
0.00286871
0.00285161
0.00283465
0.00281754
0.00280091
0.00278422
0.00276759
0.00275117
0.00273487
0.00271857
0.00270259
0.00268653
0.00267065
0.00265473
0.00263873
0.00262293
0.00260702
0.00259146
0.00257584
0.00256032
0.00254489
0.0025297
0.00251465
0.0024997
0.00248471
0.00246975
0.00245506
0.00244033
0.00242558
0.00241104
0.00239651
0.00238208
0.00236782
0.00235358
0.00233933
0.00232539
0.00231141
0.0022977
0.00228396
0.0022704
0.0022568
0.00224333
0.00222996
0.00221649
0.00220342
0.00218955
0.00217527
0.00216225
0.00214948
0.00213623
0.0021233
0.00210974
0.00209519
0.00208148
0.00206813
0.00205459
0.00204247
0.0020304
0.00201851
0.00200652
0.00199473
0.00198291
0.00197116
0.0019595
0.0019477
0.00193617
0.00192474
0.00191328
0.00190187
0.0018905
0.00187914
0.0018682
0.00185722
0.0018461
0.00183524
0.00182435
0.00181365
0.00180314
0.00179242
0.00178167
0.00177115
0.00176048
0.00174999
0.00173946
0.00172897
0.00171861
0.0017083
0.00169802
0.00168774
0.00167754
0.00166732
0.00165725
0.00164743
0.00163782
0.00162777
0.00161813
0.00160834
0.00159886
0.0015894
0.00157975
0.0015704
0.0015609
0.00155157
0.00154239
0.00153291
0.00152388
0.0015146
0.00150527
0.00149632
0.00148724
0.00147834
0.00146946
0.00146054
0.00145172
0.00144275
0.0014344
0.00142574
0.00141728
0.00140874
0.00140035
0.00139192
0.00138366
0.00137541
0.00136712
0.00135897
0.00135088
0.00134259
0.00133458
0.00132677
0.00131911
0.00131121
0.00130361
0.00129578
0.00128809
0.00128046
0.0012729
0.00126529
0.00125799
0.00125043
0.00124298
0.00123556
0.0012282
0.00122094
0.00121388
0.00120685
0.00119989
0.00119278
0.00118583
0.00117895
0.00117192
0.00116509
0.00115839
0.00115168
0.0011449
0.00113815
0.00113168
0.00112489
0.00111809
0.00111142
0.00110511
0.00109847
0.00109155
0.00108439
0.00107759
0.00107022
0.00106296
0.00105634
7.69485
7.1438
6.58877
6.02828
5.68421
5.37692
5.06658
4.82019
4.59624
4.39177
4.20434
4.03186
3.91115
3.84176
3.75401
3.62934
3.517
3.46031
3.39262
3.33967
3.27639
3.21149
3.11878
3.03452
2.97836
2.91055
2.87091
2.83228
2.79462
2.7579
2.71097
2.65418
2.62084
2.57818
2.52649
2.48666
2.43835
2.4099
2.38206
2.34848
2.32195
2.2879
2.24655
2.20887
2.15746
2.10823
2.0677
2.04674
2.01977
1.97618
1.9402
1.91143
1.87203
1.8341
1.79756
1.76234
1.72837
1.69557
1.6639
1.63329
1.61104
1.59775
1.58058
1.55565
1.53238
1.52024
1.50176
1.47993
1.46853
1.45378
1.43318
1.42242
1.40601
1.38581
1.36611
1.34464
1.32104
1.30081
1.28112
1.26196
1.2433
1.22512
1.20741
1.19015
1.17333
1.15691
1.1409
1.12527
1.11219
1.10532
1.09852
1.08812
1.07732
1.06879
1.05832
1.04857
1.03508
1.02189
1.00899
0.996366
0.984014
0.971926
0.963046
0.957691
0.952387
0.947133
0.941929
0.935565
0.928876
0.917926
0.907195
0.896678
0.886368
0.876258
0.866344
0.856619
0.847078
0.837716
0.828529
0.819511
0.810658
0.801965
0.793428
0.785043
0.776806
0.768713
0.76076
0.752945
0.743921
0.733717
0.72741
0.724076
0.719991
0.716714
0.712698
0.709475
0.705275
0.699121
0.692327
0.685641
0.679062
0.672586
0.666211
0.659934
0.653755
0.647669
0.641676
0.635773
0.629958
0.624229
0.618585
0.613023
0.607542
0.60214
0.596815
0.591567
0.586392
0.58129
0.576319
0.574039
0.571241
0.568994
0.566761
0.563326
0.559226
0.556544
0.554388
0.552246
0.550117
0.547503
0.544745
0.54086
0.538154
0.533706
0.529317
0.524984
0.520707
0.516485
0.512318
0.508202
0.50414
0.500128
0.496166
0.492253
0.488388
0.484571
0.4808
0.477076
0.473395
0.469759
0.466167
0.462617
0.459109
0.455642
0.453075
0.451515
0.449477
0.446482
0.443637
0.441299
0.438505
0.436208
0.433005
0.429837
0.426705
0.423607
0.420544
0.417515
0.414519
0.411556
0.408625
0.405725
0.402857
0.40002
0.397213
0.394435
0.391687
0.388968
0.386277
0.383614
0.380979
0.378371
0.376438
0.374892
0.37262
0.370098
0.3676
0.365394
0.363559
0.36183
0.359416
0.357025
0.354659
0.352315
0.349995
0.347697
0.345421
0.343167
0.340935
0.338725
0.336535
0.334367
0.332218
0.330091
0.327983
0.325894
0.323826
0.321776
0.319745
0.317733
0.31574
0.313765
0.311807
0.309868
0.307946
0.306041
0.304153
0.302282
0.300428
0.29859
0.296768
0.294962
0.293172
0.291398
0.289639
0.287896
0.286167
0.284453
0.282754
0.281069
0.279399
0.277743
0.276101
0.274472
0.272857
0.271256
0.269668
0.268093
0.266532
0.264983
0.263446
0.261923
0.260412
0.258913
0.257426
0.255951
0.254489
0.253037
0.251598
0.25017
0.248753
0.247347
0.245953
0.244569
0.243197
0.241835
0.240483
0.239142
0.237812
0.236492
0.235181
0.233881
0.232591
0.231311
0.23004
0.22878
0.227528
0.226286
0.225054
0.22383
0.222616
0.221411
0.220214
0.219027
0.217848
0.216678
0.215517
0.214364
0.213219
0.212083
0.210955
0.209835
0.208723
0.207619
0.206523
0.205435
0.204355
0.203282
0.20237
0.20177
0.201286
0.200803
0.200209
0.199467
0.19869
0.197955
0.196928
0.195907
0.194894
0.193888
0.192888
0.191896
0.19091
0.189931
0.188959
0.187994
0.187035
0.186082
0.185136
0.184197
0.183263
0.182336
0.181416
0.180501
0.179593
0.17869
0.177794
0.176903
0.176019
0.17514
0.174267
0.1734
0.172538
0.171682
0.170832
0.169987
0.169148
0.168313
0.167485
0.166662
0.165844
0.165031
0.164223
0.163421
0.162624
0.161831
0.161044
0.160262
0.159485
0.158712
0.157945
0.157182
0.156424
0.155671
0.154922
0.154178
0.153439
0.152704
0.151974
0.151248
0.150527
0.14981
0.149098
0.14839
0.147686
0.146987
0.146291
0.1456
0.144914
0.144231
0.143552
0.142878
0.142207
0.141541
0.140878
0.140219
0.139565
0.138914
0.138267
0.137624
0.136985
0.136349
0.135717
0.135089
0.134465
0.133844
0.133227
0.132613
0.132003
0.131397
0.130794
0.130194
0.129598
0.129006
0.128417
0.127831
0.127248
0.126669
0.126093
0.125521
0.124951
0.124385
0.123822
0.123262
0.122706
0.122152
0.121602
0.121055
0.12051
0.119969
0.119431
0.118896
0.118364
0.117834
0.117308
0.116785
0.116264
0.115747
0.115232
0.11472
0.114211
0.113704
0.113201
0.1127
0.112202
0.111707
0.111214
0.110724
0.110236
0.109752
0.109269
0.10879
0.108313
0.107839
0.107367
0.106897
0.10643
0.105966
0.105504
0.105045
0.104588
0.104133
0.103681
0.103231
0.102784
0.102339
0.101896
0.101456
0.101017
0.100582
0.100148
0.0997167
0.0992876
0.0988608
0.0984363
0.0980138
0.0975936
0.0971757
0.0967599
0.0963462
0.0959346
0.0955252
0.0951178
0.0947127
0.0943095
0.0939083
0.0935092
0.0931122
0.0927172
0.0923241
0.0919332
0.0915441
0.0911571
0.0907721
0.0903887
0.0900076
0.0896282
0.0892508
0.0888754
0.0885017
0.0881299
0.0877601
0.087392
0.0870256
0.0866612
0.0862986
0.0859379
0.0855789
0.0852215
0.0848661
0.0845125
0.0841604
0.0838101
0.0834617
0.0831148
0.0827697
0.0824263
0.0820847
0.0817446
0.0814062
0.0810693
0.0807343
0.0804009
0.0800691
0.0797388
0.0794103
0.0790833
0.0787577
0.0784338
0.0781112
0.0777905
0.0774711
0.0771534
0.0768372
0.0765225
0.0762094
0.0758977
0.0755874
0.0752787
0.0749714
0.0746656
0.0743613
0.0740587
0.0737572
0.0735005
0.0733202
0.0730972
0.0729181
0.0726649
0.0724977
0.0723201
0.0720271
0.0717352
0.0714447
0.0711556
0.070868
0.0705816
0.0702965
0.0700129
0.0697305
0.0694495
0.0691696
0.0688913
0.0686141
0.0683381
0.0680635
0.0677903
0.0675181
0.0672473
0.0669778
0.0667096
0.0664424
0.0661767
0.065912
0.0656487
0.0653864
0.0651255
0.0648656
0.064607
0.0643495
0.0640933
0.0638382
0.0635843
0.0633315
0.0630799
0.0628295
0.06258
0.0623319
0.0620849
0.0618389
0.0615941
0.0613504
0.0611076
0.0608661
0.0606258
0.0603863
0.060148
0.0599108
0.0596746
0.0594396
0.0592054
0.0589726
0.0587407
0.0585096
0.0582798
0.058051
0.057823
0.0575962
0.0573704
0.0571455
0.0569216
0.056699
0.0564771
0.0562562
0.0560361
0.0558172
0.0555992
0.0553822
0.0551663
0.0549511
0.0547371
0.0545238
0.0543115
0.0541001
0.0538898
0.0536802
0.0534717
0.0532641
0.0530573
0.0528514
0.0526466
0.0524423
0.0522392
0.0520369
0.0518356
0.051635
0.0514353
0.0512365
0.0510385
0.0508413
0.0506451
0.0504499
0.0502553
0.0500615
0.0498686
0.0496767
0.0494854
0.0492949
0.0491054
0.0489166
0.0487285
0.0485414
0.048355
0.0481694
0.0479847
0.0478008
0.0476178
0.0474354
0.0472536
0.0470729
0.0468929
0.0467136
0.046535
0.0463572
0.0461803
0.0460039
0.0458284
0.0456536
0.0454797
0.0453063
0.0451338
0.044962
0.0447909
0.0446203
0.0444506
0.0442815
0.0441132
0.0439456
0.0437787
0.0436124
0.0434471
0.0432823
0.0431181
0.0429549
0.0427922
0.0426302
0.0424687
0.0423079
0.0421477
0.0419884
0.0418297
0.0416718
0.0415143
0.0413576
0.0412015
0.0410462
0.0408913
0.0407372
0.0405836
0.0404309
0.0402786
0.0401268
0.0399758
0.0398254
0.0396757
0.0395266
0.039378
0.0392299
0.0390827
0.0389361
0.03879
0.0386444
0.0384995
0.0383553
0.0382116
0.0380685
0.0379258
0.0377838
0.0376425
0.0375018
0.0373616
0.0372218
0.0370826
0.0369442
0.0368062
0.0366689
0.036532
0.0363957
0.0362598
0.0361246
0.0359902
0.0358561
0.0357225
0.0355895
0.0354571
0.0353252
0.0351939
0.035063
0.0349326
0.0348028
0.0346735
0.0345448
0.0344166
0.0342887
0.0341616
0.0340348
0.0339087
0.033783
0.0336577
0.0335331
0.0334088
0.0332851
0.0331619
0.0330392
0.0329172
0.0327954
0.0326742
0.0325533
0.0324332
0.0323135
0.0321943
0.0320754
0.031957
0.031839
0.0317215
0.0316047
0.0314882
0.0313722
0.0312567
0.0311416
0.0310269
0.0309129
0.030799
0.0306858
0.0305731
0.0304606
0.0303484
0.0302368
0.0301259
0.0300152
0.0299051
0.0297953
0.0296861
0.0295772
0.0294687
0.0293607
0.0292531
0.0291459
0.0290392
0.0289328
0.0288268
0.0287213
0.0286161
0.0285114
0.0284072
0.0283035
0.0282
0.0280968
0.0279942
0.0278917
0.02779
0.0276885
0.0275876
0.0274869
0.0273866
0.0272867
0.0271871
0.0270879
0.0269892
0.0268908
0.0267929
0.0266953
0.0265981
0.0265011
0.0264047
0.0263085
0.0262128
0.0261175
0.0260226
0.0259281
0.0258338
0.02574
0.0256464
0.0255532
0.0254606
0.0253681
0.0252762
0.0251844
0.025093
0.025002
0.0249113
0.024821
0.0247309
0.0246414
0.024552
0.0244633
0.0243746
0.0242864
0.0241985
0.0241108
0.0240237
0.0239367
0.0238501
0.023764
0.0236781
0.0235926
0.0235074
0.0234223
0.0233379
0.0232535
0.0231694
0.023086
0.0230026
0.0229196
0.022837
0.0227547
0.0226725
0.0225907
0.0225093
0.0224282
0.0223473
0.0222669
0.0221867
0.0221069
0.0220273
0.0219482
0.0218692
0.0217904
0.021712
0.0216339
0.0215561
0.0214787
0.0214015
0.0213247
0.021248
0.0211717
0.0210957
0.0210199
0.0209444
0.0208693
0.0207943
0.0207198
0.0206324
0.0205323
0.0204587
0.0203854
0.0203123
0.0202394
0.0201669
0.0200945
0.0200225
0.0199611
0.0199284
0.0198957
0.0198528
0.0197997
0.0197596
0.0197272
0.0196846
0.0196142
0.019544
0.0194741
0.0194044
0.0193352
0.0192659
0.019197
0.0191284
0.0190601
0.018992
0.0189243
0.0188567
0.0187895
0.0187225
0.0186556
0.018589
0.0185226
0.0184566
0.0183907
0.0183251
0.0182598
0.0181946
0.0181299
0.0180654
0.018001
0.0179369
0.0178732
0.0178094
0.0177458
0.0176828
0.0176197
0.017557
0.0174944
0.0174322
0.0173702
0.0173085
0.0172471
0.0171857
0.0171247
0.0170639
0.0170032
0.0169427
0.0168824
0.0168225
0.0167626
0.0167031
0.0166439
0.0165848
0.0165259
0.0164673
0.0164089
0.0163507
0.0162927
0.0162349
0.0161773
0.0161199
0.0160627
0.0160057
0.0159489
0.0158924
0.0158361
0.0157802
0.0157242
0.0156686
0.0156132
0.0155579
0.0155028
0.0154479
0.0153932
0.0153387
0.0152843
0.0152302
0.0151763
0.0151225
0.015069
0.0150159
0.0149629
0.0149101
0.0148574
0.014805
0.0147527
0.0147006
0.0146487
0.0145971
0.0145454
0.014494
0.0144429
0.0143919
0.0143411
0.0142904
0.01424
